049219010527
060319000052
079215044379
079217004692
079217020046
079217026322
079217032051
079217035013
079217037038
079217041229
079217046494
079217047502
079218001795
079218020649
079219000929
079219007869
079219011578
079219014334
079219023134
079219029974
079219030079
079219030088
079219031786
079219032017
079219037861
079219038843
079219040092
079219045023
079219047813
079219048667
079316038229
079317007965
079317013364
079317018106
079317027784
079317031498
079317036762
079318043080
079319001179
079319003311
079319004239
079319007575
079319014467
079319014472
079319018585
079319023150
079319026177
079319028040
079319035780
079319038553
079319041320
079319042418
083319009511
